= V =
= P =
0, 1, 0,

0.8944271909999159, 0.4472135954999579, 0,
0.276393202250021, 0.4472135954999579, -0.85065080835204,
-0.7236067977499789,0.4472135954999579, -0.5257311121191336,
-0.7236067977499789,0.4472135954999579,0.5257311121191336,
0.276393202250021, 0.4472135954999579,0.85065080835204,

0.7236067977499789,-0.4472135954999579,-0.5257311121191336,
-0.276393202250021,-0.4472135954999579,-0.85065080835204,
-0.8944271909999159,-0.4472135954999579, 0,
-0.276393202250021,-0.4472135954999579, 0.85065080835204,
0.7236067977499789,-0.4472135954999579,0.5257311121191336,

0, -1, 0
= I =
0, 1, 2, 0, 2, 3, 0, 3, 4, 0, 4, 5, 0, 5, 1,

  1, 10, 6, 2, 1, 6, 2, 6, 7, 3, 2, 7, 3, 7, 8,

  4, 3, 8, 4, 8, 9, 5, 4, 9, 5, 9, 10, 1, 5, 10,

  11, 10, 9, 11, 9, 8, 11, 8, 7, 11, 7, 6, 11, 6, 10
= E =
0, -0.4330127018922193, 0,
0, 2, 1,
0, 3, 2,
0, 4, 3,
0, 5, 4,
0, 1, 5,

1,  2,7,
2, 3, 8,
3, 4,9, 
4, 5, 10,
5, 1, 6,

6, 1, 7,
7, 2, 8,
8, 3, 9,
9, 4, 10,
10, 5, 6,

 11,7, 6,
 11,8, 7,
 11,9, 8,
 11,10, 9,
 11,6, 10