= V =
= P =
0, 1.1483219172681243, 0,                  

0.7694208842938134, 0.4330127018922193, 0, 
0.18163563200134025,0.4330127018922193,      0.8090169943749475     ,        
-0.7694208842938134, 0.4330127018922193, 0.5,               
-0.7694208842938134, 0.4330127018922193, -0.5,              
  0.18163563200134025 ,0.4330127018922193,     - 0.8090169943749475       ,              

0.6224745712206952, -0.4330127018922193, -0.45225424859373686,
0.6224745712206952, -0.4330127018922193, 0.5477457514062631,
-0.3285819450744586, -0.4330127018922193, 0.8567627457812106,
-0.9163671973669317, -0.4330127018922193, 0.04774575140626314,
-0.3285819450744585, -0.4330127018922193, -0.7612712429686843,

0, -1.1483219172681243, 0
= I =
0, 2, 1,
0, 3, 2,
0, 4, 3,
0, 5, 4,
0, 1, 5,

1,  2,7,
2, 3, 8,
3, 4,9, 
4, 5, 10,
5, 1, 6,

6, 1, 7,
7, 2, 8,
8, 3, 9,
9, 4, 10,
10, 5, 6,

 11,7, 6,
 11,8, 7,
 11,9, 8,
 11,10, 9,
 11,6, 10

= E =
0, -0.4330127018922193, 0,
